0.04168425 0.02941289 0.00270612 0.01046424 0.02168766 0.00147027 0.04826861 0.01688369 0.02469943 0.02590286 
0.03913611 0.07852196 0.01403659 0.02197872 0.01543081 0.02307243 0.01338030 0.02461554 0.01824784 0.03955838 
0.02340271 0.01753853 0.09324884 0.00040272 0.04088291 0.00783665 0.02185668 0.00004400 0.00761287 0.01869256 
0.00180482 0.03359480 0.01323867 0.00244168 0.04231983 0.01265525 0.00304309 0.01874638 0.02831769 0.01571522 
0.01593276 0.03106665 0.04604448 0.01525140 0.08978893 0.04752305 0.02984412 0.04091635 0.01112099 0.01552582 
0.04443673 0.00496105 0.01169283 0.00994815 0.00925885 0.04996503 0.02999304 0.02779589 0.02920219 0.04360274 
0.00665615 0.03854384 0.03414384 0.00572528 0.02558663 0.03304845 0.01937138 0.01245719 0.01875706 0.02543358 
0.01030636 0.01160119 0.00429492 0.00892180 0.00684156 0.00548595 0.04411997 0.06846835 0.04005399 0.04234097 
0.01228781 0.01110508 0.02215622 0.03708083 0.03670512 0.03642096 0.00908566 0.02727156 0.05620435 0.00108230 
0.03324279 0.02109394 0.01756671 0.00117433 0.02113353 0.01319854 0.03687991 0.04513443 0.01483648 0.02582083 
