0.17290104 0.11543131 0.06902437 0.11205426 0.05994870 0.10023876 0.15696545 0.05242433 0.12284128 0.08669950 
0.04578276 0.15488833 0.05703841 0.11904179 0.11755196 0.05072520 0.06602923 0.13050857 0.10359496 0.12887849 
0.01542100 0.08671051 0.25808556 0.04987084 0.06171395 0.12398854 0.15087870 0.07983555 0.11887789 0.09796586 
0.15601936 0.12818610 0.15016496 0.12565547 0.11237607 0.14296667 0.09145583 0.14427492 0.09176273 0.08392679 
0.07977496 0.06043273 0.15632913 0.04059024 0.18291041 0.08727219 0.10321422 0.15554058 0.12530056 0.00279999 
0.09329020 0.05558074 0.13625172 0.18788331 0.09796107 0.19482432 0.14778389 0.05402274 0.08676244 0.16675080 
0.06762384 0.10469056 0.08908638 0.06940078 0.05085081 0.08322997 0.14585923 0.16838134 0.08684059 0.11529909 
0.11088700 0.16463300 0.16992668 0.09226228 0.16985343 0.09728399 0.08576571 0.14207105 0.08163108 0.15785521 
0.13150105 0.06690844 0.04693736 0.09622451 0.09438163 0.06121129 0.04945747 0.12101601 0.10631758 0.08106931 
0.13319010 0.01623414 0.11561666 0.09772534 0.10597572 0.02662010 0.04778875 0.12872409 0.06796194 0.17756421 
